194
MH607892_26/08/2014 0.0000000 0.0005423 0.0005969 0.0005433 0.0004334 0.0004333 0.0007062 0.0004333 0.0004877 0.0004885 0.0005969 0.0003790 0.0005969 0.0005969 0.0005429 0.0003240 0.0004879 0.0005976 0.0004878 0.0003784 0.0003780 0.0003240 0.0003240 0.0003240 0.0003240 0.0003240 0.0003240 0.0004338 0.0004334 0.0004334 0.0003240 0.0004884 0.0005969 0.0003790 0.0004878 0.0006515 0.0003790 0.0006515 0.0007061 0.0006643 0.0003240 0.0003780 0.0003780 0.0003790 0.0003790 0.0003240 0.0003780 0.0002700 0.0003790 0.0003240 0.0003240 0.0004877 0.0004338 0.0003240 0.0003790 0.0003790 0.0004883 0.0004334 0.0003240 0.0003790 0.0003790 0.0003240 0.0004334 0.0003790 0.0003240 0.0003790 0.0003790 0.0003790 0.0004878 0.0003240 0.0003792 0.0004878 0.0004338 0.0003780 0.0003790 0.0003790 0.0003790 0.0004333 0.0002700 0.0003790 0.0003790 0.0003240 0.0004883 0.0002700 0.0003240 0.0003790 0.0004333 0.0002700 0.0003240 0.0002700 0.0003790 0.0002700 0.0003240 0.0003790 0.0003328 0.0002718 0.0003951 0.0003240 0.0002700 0.0002700 0.0003240 0.0003819 0.0004334 0.0003240 0.0004535 0.0003905 0.0003780 0.0003242 0.0003790 0.0005422 0.0002714 0.0004333 0.0005424 0.0004390 0.0003240 0.0003240 0.0003240 0.0003790 0.0003240 0.0004334 0.0004883 0.0002700 0.0003240 0.0004349 0.0004334 0.0004334 0.0005969 0.0004338 0.0004334 0.0003300 0.0004877 0.0003781 0.0004334 0.0002700 0.0004333 0.0004879 0.0004879 0.0004333 0.0004366 0.0005504 0.0006516 0.0004878 0.0004878 0.0004340 0.0003240 0.0004878 0.0002740 0.0004510 0.0006896 0.0006513 0.0004512 0.0003240 0.0002822 0.0003344 0.0003863 0.0004333 0.0004891 0.0004335 0.0004344 0.0004333 0.0005020 0.0005422 0.0004333 0.0003797 0.0003790 0.0004461 0.0004888 0.0000540 0.0003812 0.0004334 0.0004337 0.0004334 0.0004907 0.0004336 0.0005423 0.0003265 0.0004334 0.0004334 0.0003780 0.0005423 0.0005423 0.0005967 0.0003820 0.0006514 0.0004878 0.0004333 0.0004892 0.0004955 0.0000010 0.0000010 0.0000540 0.0005430 0.0004388 0.0003251 
MH607893_26/08/2014 0.0005423 0.0000000 0.0005908 0.0001071 0.0003206 0.0004289 0.0005909 0.0004289 0.0003751 0.0004835 0.0004829 0.0002671 0.0004829 0.0004829 0.0004295 0.0003206 0.0003752 0.0004835 0.0003752 0.0002679 0.0002671 0.0002137 0.0002137 0.0002137 0.0002137 0.0002137 0.0002137 0.0003217 0.0003206 0.0003206 0.0002137 0.0003756 0.0004829 0.0002671 0.0003752 0.0005369 0.0002671 0.0005369 0.0005909 0.0005482 0.0002137 0.0002671 0.0002671 0.0002671 0.0002671 0.0002137 0.0002671 0.0002671 0.0002671 0.0002137 0.0002137 0.0003751 0.0003217 0.0002137 0.0002671 0.0002671 0.0003756 0.0003206 0.0002137 0.0002671 0.0002671 0.0002137 0.0003206 0.0002671 0.0002138 0.0002671 0.0002671 0.0002671 0.0003752 0.0002137 0.0002677 0.0003752 0.0003217 0.0002671 0.0002671 0.0002671 0.0002671 0.0003206 0.0002671 0.0002671 0.0002671 0.0003206 0.0003756 0.0002671 0.0002137 0.0002671 0.0003206 0.0002671 0.0002140 0.0002671 0.0002671 0.0002671 0.0002137 0.0002671 0.0002188 0.0002690 0.0003345 0.0003206 0.0002671 0.0002674 0.0002137 0.0002696 0.0003208 0.0002137 0.0003934 0.0002751 0.0003751 0.0002139 0.0002671 0.0004289 0.0002148 0.0003206 0.0004291 0.0003261 0.0002137 0.0002137 0.0002137 0.0002671 0.0002137 0.0004290 0.0004834 0.0002671 0.0002137 0.0003216 0.0003206 0.0004290 0.0004829 0.0003209 0.0004290 0.0002180 0.0004830 0.0002673 0.0003206 0.0002671 0.0003206 0.0003752 0.0003753 0.0003206 0.0003243 0.0004354 0.0005369 0.0003752 0.0003752 0.0003215 0.0003206 0.0004828 0.0002711 0.0003343 0.0005679 0.0005367 0.0003904 0.0003206 0.0002792 0.0003863 0.0002727 0.0004289 0.0004841 0.0003212 0.0003213 0.0004289 0.0004968 0.0005367 0.0004289 0.0003759 0.0002671 0.0004414 0.0003765 0.0005907 0.0003773 0.0003206 0.0003208 0.0003206 0.0003774 0.0003213 0.0005374 0.0003231 0.0003206 0.0003206 0.0003751 0.0005368 0.0005368 0.0005906 0.0003781 0.0005368 0.0003752 0.0004289 0.0004842 0.0004904 0.0005367 0.0005459 0.0005908 0.0001070 0.0004343 0.0003218 
MH607894_26/08/2014 0.0005969 0.0005908 0.0000000 0.0005926 0.0004822 0.0004820 0.0007520 0.0004821 0.0005359 0.0005367 0.0006439 0.0004283 0.0006439 0.0006439 0.0005905 0.0003746 0.0005361 0.0006447 0.0005359 0.0004300 0.0004283 0.0003746 0.0003746 0.0003746 0.0003746 0.0003746 0.0003746 0.0004826 0.0004822 0.0004821 0.0003746 0.0005366 0.0006439 0.0004283 0.0005359 0.0006980 0.0004283 0.0006980 0.0007520 0.0006584 0.0003746 0.0004283 0.0004283 0.0004283 0.0004283 0.0003746 0.0004285 0.0003200 0.0004283 0.0003746 0.0003746 0.0005359 0.0004826 0.0003747 0.0004283 0.0004283 0.0005366 0.0004821 0.0003746 0.0004283 0.0004283 0.0003746 0.0004821 0.0004283 0.0003752 0.0004283 0.0004283 0.0004285 0.0005360 0.0003746 0.0004297 0.0005359 0.0004826 0.0004283 0.0004283 0.0004284 0.0004284 0.0004821 0.0003200 0.0004284 0.0004284 0.0003746 0.0005366 0.0003200 0.0003746 0.0004283 0.0004820 0.0003200 0.0003754 0.0003200 0.0004284 0.0003200 0.0003746 0.0004283 0.0003839 0.0003232 0.0003914 0.0003746 0.0003200 0.0003207 0.0003746 0.0003785 0.0004830 0.0003746 0.0005061 0.0003865 0.0004283 0.0003749 0.0004283 0.0005899 0.0003217 0.0004821 0.0005900 0.0004351 0.0003746 0.0003746 0.0003746 0.0004283 0.0003746 0.0004821 0.0005365 0.0003200 0.0003746 0.0004839 0.0004822 0.0001600 0.0006439 0.0004834 0.0001600 0.0003825 0.0005368 0.0004290 0.0004822 0.0003200 0.0004820 0.0005361 0.0005361 0.0004821 0.0004871 0.0005988 0.0006982 0.0005360 0.0005360 0.0004842 0.0003746 0.0002133 0.0003266 0.0005015 0.0006812 0.0006977 0.0005019 0.0002667 0.0003347 0.0004411 0.0003829 0.0004821 0.0001070 0.0004837 0.0004838 0.0004824 0.0005514 0.0005898 0.0004820 0.0004292 0.0004283 0.0004407 0.0005385 0.0006439 0.0004308 0.0004822 0.0004825 0.0004822 0.0005392 0.0004837 0.0005913 0.0003227 0.0004822 0.0004822 0.0004283 0.0000533 0.0000533 0.0006439 0.0003775 0.0006986 0.0005361 0.0004825 0.0002141 0.0004898 0.0005898 0.0005452 0.0006438 0.0005907 0.0004885 0.0003750 
MH607895_26/08/2014 0.0005433 0.0001071 0.0005926 0.0000000 0.0003218 0.0004293 0.0005915 0.0004294 0.0003755 0.0004840 0.0004834 0.0002671 0.0004834 0.0004834 0.0004299 0.0003217 0.0003756 0.0004840 0.0003756 0.0002672 0.0002671 0.0002137 0.0002137 0.0002137 0.0002137 0.0002137 0.0002137 0.0003221 0.0003218 0.0003218 0.0002137 0.0003760 0.0004834 0.0002671 0.0003756 0.0005375 0.0002671 0.0005375 0.0005915 0.0005476 0.0002137 0.0002671 0.0002671 0.0002671 0.0002671 0.0002137 0.0002671 0.0002671 0.0002671 0.0002137 0.0002137 0.0003755 0.0003221 0.0002137 0.0002671 0.0002671 0.0003760 0.0003218 0.0002137 0.0002671 0.0002671 0.0002137 0.0003218 0.0002671 0.0002137 0.0002671 0.0002671 0.0002671 0.0003756 0.0002137 0.0002671 0.0003756 0.0003221 0.0002671 0.0002671 0.0002671 0.0002671 0.0003217 0.0002671 0.0002671 0.0002671 0.0003217 0.0003760 0.0002671 0.0002137 0.0002671 0.0003217 0.0002671 0.0002137 0.0002671 0.0002671 0.0002671 0.0002137 0.0002671 0.0002188 0.0002690 0.0003350 0.0003217 0.0002671 0.0002672 0.0002137 0.0002690 0.0003218 0.0002137 0.0003933 0.0002761 0.0003755 0.0002139 0.0002671 0.0004294 0.0002148 0.0003217 0.0004295 0.0003262 0.0002137 0.0002137 0.0002137 0.0002671 0.0002137 0.0004294 0.0004839 0.0002671 0.0002137 0.0003229 0.0003218 0.0004294 0.0004834 0.0003221 0.0004294 0.0002174 0.0004833 0.0002672 0.0003218 0.0002671 0.0003217 0.0003756 0.0003757 0.0003217 0.0003241 0.0004359 0.0005375 0.0003756 0.0003756 0.0003220 0.0003217 0.0004834 0.0002722 0.0003347 0.0005686 0.0005373 0.0003909 0.0003217 0.0002795 0.0003868 0.0002722 0.0004294 0.0004846 0.0003218 0.0003225 0.0004293 0.0004973 0.0005373 0.0004293 0.0003763 0.0002671 0.0004419 0.0003760 0.0005913 0.0003777 0.0003218 0.0003220 0.0003218 0.0003778 0.0003218 0.0005373 0.0003243 0.0003218 0.0003218 0.0003755 0.0005374 0.0005374 0.0005913 0.0003785 0.0005374 0.0003756 0.0004294 0.0004847 0.0004909 0.0005373 0.0005465 0.0005914 0.0001070 0.0004348 0.0003221 
KR653251_22/08/2014 0.0004334 0.0003206 0.0004822 0.0003218 0.0000000 0.0003170 0.0003713 0.0003173 0.0002647 0.0003718 0.0003713 0.0001585 0.0004254 0.0003713 0.0003184 0.0002114 0.0000528 0.0003721 0.0002642 0.0001599 0.0001587 0.0001060 0.0001058 0.0001058 0.0001057 0.0001057 0.0001059 0.0002115 0.0002117 0.0002115 0.0001057 0.0002653 0.0003713 0.0001585 0.0002644 0.0004250 0.0001585 0.0004250 0.0004778 0.0004358 0.0001057 0.0001585 0.0001585 0.0001585 0.0001589 0.0001057 0.0001592 0.0001588 0.0001585 0.0001057 0.0001064 0.0002643 0.0002113 0.0001058 0.0001585 0.0001587 0.0002647 0.0002113 0.0001063 0.0001588 0.0001587 0.0001060 0.0002113 0.0001585 0.0001063 0.0001586 0.0001589 0.0001593 0.0002643 0.0001059 0.0001596 0.0002648 0.0002113 0.0001589 0.0001585 0.0001591 0.0001585 0.0002113 0.0001585 0.0001585 0.0001589 0.0002113 0.0002642 0.0001588 0.0001057 0.0001589 0.0002113 0.0001585 0.0001067 0.0001586 0.0000528 0.0001593 0.0001057 0.0001587 0.0001083 0.0001598 0.0002209 0.0002115 0.0001585 0.0002126 0.0001057 0.0001603 0.0002121 0.0001057 0.0002797 0.0001635 0.0002642 0.0001058 0.0001585 0.0003174 0.0001062 0.0002113 0.0003184 0.0002164 0.0001057 0.0001057 0.0001058 0.0001586 0.0001057 0.0003173 0.0003716 0.0001585 0.0001057 0.0000010 0.0001057 0.0003172 0.0002645 0.0001060 0.0003172 0.0001083 0.0003722 0.0001593 0.0001057 0.0001585 0.0002113 0.0000528 0.0000528 0.0002113 0.0001069 0.0002157 0.0003176 0.0002642 0.0002644 0.0001062 0.0002114 0.0003712 0.0002150 0.0002195 0.0004502 0.0004244 0.0002759 0.0002644 0.0001655 0.0002727 0.0001083 0.0003173 0.0003735 0.0001063 0.0001061 0.0003184 0.0003819 0.0004255 0.0003172 0.0002649 0.0001586 0.0001089 0.0000533 0.0004792 0.0002659 0.0000010 0.0000010 0.0000010 0.0000530 0.0000010 0.0004261 0.0002134 0.0000010 0.0000010 0.0002645 0.0004250 0.0004245 0.0004783 0.0002662 0.0004255 0.0002645 0.0003176 0.0003732 0.0003775 0.0004245 0.0004321 0.0004779 0.0003175 0.0003225 0.0002113 
KR653252_20/08/2014 0.0004333 0.0004289 0.0004820 0.0004293 0.0003170 0.0000000 0.0005847 0.0003173 0.0003717 0.0003717 0.0004776 0.0002642 0.0005321 0.0004776 0.0004247 0.0002114 0.0003711 0.0004787 0.0003711 0.0002664 0.0002644 0.0002120 0.0002115 0.0002115 0.0002113 0.0002114 0.0002118 0.0003185 0.0003176 0.0003173 0.0002114 0.0003716 0.0004776 0.0002642 0.0003713 0.0005316 0.0002642 0.0005316 0.0005844 0.0005451 0.0002113 0.0002642 0.0002642 0.0002642 0.0002649 0.0002113 0.0002653 0.0001588 0.0002642 0.0002113 0.0002128 0.0003711 0.0003182 0.0002117 0.0002642 0.0002644 0.0003722 0.0003170 0.0002127 0.0002647 0.0002644 0.0002120 0.0003170 0.0002643 0.0002127 0.0002643 0.0002648 0.0002656 0.0003713 0.0002117 0.0002660 0.0003719 0.0003182 0.0002649 0.0002643 0.0002651 0.0002642 0.0003170 0.0001585 0.0002642 0.0002649 0.0002113 0.0003715 0.0001588 0.0002113 0.0002649 0.0003170 0.0001585 0.0002134 0.0001586 0.0002642 0.0001593 0.0002114 0.0002645 0.0002165 0.0001598 0.0002762 0.0002115 0.0001585 0.0002126 0.0002113 0.0002672 0.0003181 0.0002115 0.0003927 0.0002726 0.0002642 0.0002116 0.0002642 0.0004248 0.0001594 0.0003170 0.0004248 0.0003246 0.0002113 0.0002114 0.0002117 0.0002643 0.0002113 0.0003173 0.0003715 0.0001585 0.0002114 0.0003185 0.0003170 0.0003172 0.0004781 0.0003181 0.0003172 0.0002166 0.0003721 0.0002656 0.0003170 0.0001585 0.0003170 0.0003711 0.0003712 0.0003170 0.0003221 0.0004333 0.0005318 0.0003711 0.0003714 0.0003187 0.0002114 0.0003711 0.0002150 0.0003308 0.0005631 0.0005308 0.0003312 0.0002644 0.0001655 0.0002726 0.0002709 0.0003173 0.0003734 0.0003190 0.0003185 0.0003184 0.0003818 0.0004254 0.0003172 0.0002649 0.0002643 0.0003280 0.0003740 0.0004791 0.0000532 0.0003174 0.0003176 0.0003171 0.0003733 0.0003189 0.0004260 0.0002134 0.0003170 0.0003170 0.0002645 0.0004249 0.0004243 0.0004781 0.0002662 0.0005322 0.0003716 0.0001059 0.0003731 0.0003773 0.0004243 0.0004320 0.0004778 0.0004249 0.0003224 0.0002113 
KR653267_23/08/2014 0.0007062 0.0005909 0.0007520 0.0005915 0.0003713 0.0005847 0.0000000 0.0005849 0.0005321 0.0006392 0.0006384 0.0004247 0.0006397 0.0006384 0.0005855 0.0004780 0.0004246 0.0006396 0.0005314 0.0004280 0.0004249 0.0003723 0.0003716 0.0003716 0.0003714 0.0003714 0.0003720 0.0004788 0.0004789 0.0004783 0.0003714 0.0005321 0.0006384 0.0004247 0.0005317 0.0006925 0.0004247 0.0006925 0.0007456 0.0007101 0.0003714 0.0004247 0.0004247 0.0004247 0.0004256 0.0003714 0.0004262 0.0004254 0.0004247 0.0003714 0.0003737 0.0005314 0.0004785 0.0003718 0.0004247 0.0004249 0.0005329 0.0004780 0.0003735 0.0004254 0.0004249 0.0003723 0.0004780 0.0004247 0.0003735 0.0004247 0.0004255 0.0004267 0.0005314 0.0003721 0.0004274 0.0005323 0.0004785 0.0004256 0.0004247 0.0004260 0.0004247 0.0004780 0.0004247 0.0004247 0.0004257 0.0004780 0.0005320 0.0004254 0.0003714 0.0004256 0.0004780 0.0004247 0.0003747 0.0004247 0.0003172 0.0004265 0.0003714 0.0004249 0.0003808 0.0004282 0.0004997 0.0004781 0.0004247 0.0004804 0.0003714 0.0004294 0.0004794 0.0003715 0.0005622 0.0004384 0.0005313 0.0003718 0.0004247 0.0005852 0.0003733 0.0004780 0.0005853 0.0004893 0.0003714 0.0003714 0.0003718 0.0004247 0.0003714 0.0005851 0.0006390 0.0004247 0.0003714 0.0003729 0.0003713 0.0005849 0.0005316 0.0003725 0.0005849 0.0003803 0.0006397 0.0004266 0.0002643 0.0004247 0.0004780 0.0004246 0.0004247 0.0004780 0.0003760 0.0001078 0.0005853 0.0005315 0.0005316 0.0003731 0.0004780 0.0006383 0.0004869 0.0004975 0.0007336 0.0006918 0.0005533 0.0005314 0.0004441 0.0005471 0.0003806 0.0005849 0.0006420 0.0003733 0.0003728 0.0005869 0.0006566 0.0006933 0.0005847 0.0005328 0.0004247 0.0004928 0.0004277 0.0007474 0.0005346 0.0003715 0.0003718 0.0003713 0.0004271 0.0003732 0.0006942 0.0004824 0.0003713 0.0003713 0.0005316 0.0006925 0.0006919 0.0007460 0.0005355 0.0006932 0.0005318 0.0005856 0.0006415 0.0006488 0.0006918 0.0007041 0.0007455 0.0005856 0.0005929 0.0004786 
KR653239_22/08/2014 0.0004333 0.0004289 0.0004821 0.0004294 0.0003173 0.0003173 0.0005849 0.0000000 0.0003717 0.0003719 0.0004780 0.0002644 0.0004790 0.0004780 0.0004251 0.0002115 0.0003715 0.0004788 0.0003714 0.0002664 0.0002644 0.0002120 0.0002115 0.0002115 0.0002115 0.0002115 0.0002119 0.0003186 0.0003178 0.0003173 0.0002115 0.0003718 0.0004780 0.0002644 0.0003716 0.0005317 0.0002644 0.0005318 0.0005849 0.0005452 0.0002115 0.0002644 0.0002644 0.0002644 0.0002649 0.0002115 0.0002653 0.0001589 0.0002644 0.0002115 0.0002128 0.0003713 0.0003185 0.0002117 0.0002644 0.0002644 0.0003724 0.0003173 0.0002127 0.0002648 0.0002644 0.0002120 0.0003173 0.0002644 0.0002127 0.0002644 0.0002648 0.0002656 0.0003714 0.0002119 0.0002660 0.0003720 0.0003185 0.0002650 0.0002644 0.0002651 0.0002644 0.0003173 0.0001586 0.0002644 0.0002649 0.0002115 0.0003718 0.0001589 0.0002115 0.0002649 0.0003173 0.0001586 0.0002134 0.0001586 0.0002644 0.0001593 0.0002115 0.0002645 0.0002165 0.0001598 0.0002762 0.0002115 0.0001586 0.0002126 0.0002115 0.0002672 0.0003181 0.0002115 0.0003356 0.0002726 0.0002644 0.0002116 0.0002644 0.0004248 0.0001594 0.0003173 0.0004249 0.0003256 0.0002115 0.0002115 0.0002117 0.0002644 0.0002115 0.0003173 0.0003718 0.0001586 0.0002115 0.0003195 0.0003173 0.0003173 0.0004782 0.0003181 0.0003173 0.0002166 0.0003721 0.0002656 0.0003173 0.0001586 0.0003173 0.0003714 0.0003715 0.0003173 0.0003221 0.0004334 0.0005318 0.0003714 0.0003715 0.0003187 0.0002115 0.0003714 0.0002150 0.0003311 0.0005632 0.0005313 0.0003312 0.0002644 0.0001655 0.0002728 0.0002709 0.0003173 0.0003734 0.0003190 0.0003185 0.0003184 0.0000543 0.0004255 0.0003173 0.0002649 0.0002644 0.0003280 0.0003740 0.0004791 0.0002659 0.0003174 0.0003176 0.0003173 0.0003736 0.0003189 0.0001061 0.0002134 0.0003173 0.0003173 0.0002645 0.0004249 0.0004247 0.0001587 0.0002663 0.0005323 0.0003716 0.0003176 0.0003732 0.0000537 0.0004246 0.0004320 0.0004780 0.0004252 0.0003225 0.0002115 
KR653241_24/08/2014 0.0004877 0.0003751 0.0005359 0.0003755 0.0002647 0.0003717 0.0005321 0.0003717 0.0000000 0.0004257 0.0004252 0.0002117 0.0004257 0.0004252 0.0003722 0.0002647 0.0003176 0.0004257 0.0003176 0.0002131 0.0002117 0.0001590 0.0001588 0.0001588 0.0001588 0.0001588 0.0001589 0.0002647 0.0002649 0.0002647 0.0001588 0.0003189 0.0004252 0.0002117 0.0003176 0.0004787 0.0002117 0.0004786 0.0005320 0.0004904 0.0001588 0.0002117 0.0002117 0.0002117 0.0002119 0.0001588 0.0002122 0.0002119 0.0002117 0.0001588 0.0001596 0.0003176 0.0002647 0.0001589 0.0002117 0.0002117 0.0003192 0.0002647 0.0001595 0.0002119 0.0002117 0.0001590 0.0002647 0.0002117 0.0001595 0.0002117 0.0002119 0.0002125 0.0003176 0.0001590 0.0002128 0.0003179 0.0002647 0.0002121 0.0002117 0.0002121 0.0002117 0.0002647 0.0002117 0.0002117 0.0002119 0.0002647 0.0003189 0.0002119 0.0001588 0.0002119 0.0002647 0.0002117 0.0001600 0.0002117 0.0002117 0.0002124 0.0001588 0.0002117 0.0001625 0.0002132 0.0002764 0.0002647 0.0002117 0.0002657 0.0001588 0.0002139 0.0002652 0.0001588 0.0003356 0.0002182 0.0003176 0.0001589 0.0002117 0.0003718 0.0001596 0.0001588 0.0003719 0.0002705 0.0001588 0.0001588 0.0001588 0.0002117 0.0001588 0.0003718 0.0004256 0.0002117 0.0001588 0.0002656 0.0002647 0.0003718 0.0004252 0.0002653 0.0003718 0.0001625 0.0004258 0.0002124 0.0002647 0.0002117 0.0002647 0.0003176 0.0003186 0.0002647 0.0002683 0.0003790 0.0004788 0.0003176 0.0002117 0.0002658 0.0002647 0.0004251 0.0002699 0.0002759 0.0004503 0.0004785 0.0003314 0.0002647 0.0002207 0.0003279 0.0002167 0.0003718 0.0004270 0.0002658 0.0002656 0.0003726 0.0004372 0.0004789 0.0003717 0.0003182 0.0002117 0.0003829 0.0003196 0.0005326 0.0003194 0.0002647 0.0002648 0.0002647 0.0003204 0.0002657 0.0004796 0.0002669 0.0002647 0.0002647 0.0003176 0.0004787 0.0004785 0.0005320 0.0003210 0.0004791 0.0003177 0.0003721 0.0004267 0.0004318 0.0004784 0.0004867 0.0005319 0.0003723 0.0003767 0.0002647 
KR653227_26/08/2014 0.0004885 0.0004835 0.0005367 0.0004840 0.0003718 0.0003717 0.0006392 0.0003719 0.0004257 0.0000000 0.0005320 0.0003185 0.0005867 0.0005320 0.0004790 0.0002643 0.0004252 0.0005331 0.0004251 0.0003210 0.0003187 0.0002650 0.0002654 0.0002654 0.0002643 0.0002643 0.0002648 0.0003724 0.0003725 0.0003720 0.0002653 0.0004256 0.0005320 0.0003185 0.0004253 0.0005860 0.0003185 0.0005860 0.0006391 0.0006009 0.0002643 0.0003185 0.0003185 0.0003185 0.0003192 0.0002643 0.0003197 0.0002118 0.0003185 0.0002643 0.0002660 0.0004251 0.0003722 0.0002646 0.0003185 0.0003187 0.0004263 0.0003718 0.0002658 0.0003190 0.0003187 0.0002650 0.0003718 0.0003185 0.0002658 0.0003186 0.0003192 0.0003201 0.0004252 0.0002648 0.0003206 0.0004259 0.0003722 0.0003192 0.0003185 0.0003195 0.0003185 0.0003717 0.0002114 0.0003185 0.0003193 0.0002643 0.0004256 0.0002118 0.0002643 0.0003193 0.0003717 0.0002114 0.0002667 0.0002114 0.0003185 0.0002124 0.0002643 0.0003187 0.0002720 0.0002131 0.0003330 0.0002644 0.0002114 0.0002657 0.0002653 0.0003221 0.0003729 0.0002644 0.0004498 0.0003288 0.0003185 0.0002656 0.0003185 0.0004789 0.0002125 0.0003718 0.0004789 0.0003806 0.0002643 0.0002643 0.0002656 0.0003186 0.0002643 0.0003720 0.0004256 0.0002114 0.0002643 0.0003735 0.0003718 0.0003718 0.0005324 0.0003730 0.0003719 0.0002708 0.0004261 0.0003200 0.0003718 0.0002114 0.0003717 0.0004252 0.0004252 0.0003717 0.0003766 0.0004885 0.0005862 0.0004251 0.0004254 0.0003736 0.0002643 0.0004251 0.0002703 0.0003869 0.0006208 0.0005853 0.0003872 0.0003186 0.0002219 0.0003279 0.0003265 0.0003719 0.0004277 0.0003739 0.0003734 0.0003732 0.0004373 0.0004796 0.0003718 0.0003194 0.0003185 0.0003835 0.0004283 0.0005335 0.0003205 0.0003721 0.0003723 0.0003718 0.0004276 0.0003738 0.0004802 0.0002678 0.0003718 0.0003718 0.0003187 0.0004790 0.0004785 0.0005324 0.0003210 0.0005867 0.0004255 0.0003723 0.0004273 0.0004322 0.0004784 0.0004870 0.0005320 0.0004791 0.0000535 0.0001585 
KR817227_13/06/2014 0.0005969 0.0004829 0.0006439 0.0004834 0.0003713 0.0004776 0.0006384 0.0004780 0.0004252 0.0005320 0.0000000 0.0002111 0.0000529 0.0000010 0.0003712 0.0003713 0.0004241 0.0000010 0.0003171 0.0002131 0.0003173 0.0002650 0.0002644 0.0002644 0.0002639 0.0002643 0.0002648 0.0003720 0.0002644 0.0002644 0.0002643 0.0003184 0.0000010 0.0002111 0.0003173 0.0000529 0.0002111 0.0000529 0.0001055 0.0000542 0.0002640 0.0003167 0.0003167 0.0002112 0.0002119 0.0002639 0.0003184 0.0003177 0.0002113 0.0002639 0.0002660 0.0003171 0.0003712 0.0002646 0.0002111 0.0002115 0.0003190 0.0002642 0.0002658 0.0002117 0.0002115 0.0002650 0.0002640 0.0002114 0.0002658 0.0002114 0.0002119 0.0003187 0.0003172 0.0002644 0.0003192 0.0004254 0.0003713 0.0003179 0.0002114 0.0003182 0.0003177 0.0002639 0.0003167 0.0003180 0.0003179 0.0003709 0.0003181 0.0003172 0.0002640 0.0002119 0.0003708 0.0003167 0.0002667 0.0003172 0.0003177 0.0003186 0.0002642 0.0002116 0.0002717 0.0003208 0.0003882 0.0003714 0.0003169 0.0003732 0.0002641 0.0003217 0.0003725 0.0002644 0.0004492 0.0002181 0.0004243 0.0002646 0.0002114 0.0004783 0.0002656 0.0003710 0.0003716 0.0003802 0.0002642 0.0002642 0.0002646 0.0003172 0.0002642 0.0004782 0.0005313 0.0003171 0.0002643 0.0003730 0.0003712 0.0004780 0.0005317 0.0003726 0.0004780 0.0002708 0.0005325 0.0003187 0.0003713 0.0003171 0.0003711 0.0004243 0.0004241 0.0003709 0.0003761 0.0004879 0.0005854 0.0004240 0.0004248 0.0003732 0.0003712 0.0005307 0.0003783 0.0003862 0.0005067 0.0004772 0.0003312 0.0004247 0.0003327 0.0004367 0.0003251 0.0004781 0.0005344 0.0003734 0.0003729 0.0004797 0.0005465 0.0005860 0.0004779 0.0004257 0.0003172 0.0004929 0.0004278 0.0006400 0.0004272 0.0003716 0.0003719 0.0003713 0.0004265 0.0003734 0.0005868 0.0003748 0.0003709 0.0003711 0.0004248 0.0005853 0.0005841 0.0006387 0.0004279 0.0005859 0.0004250 0.0004786 0.0005340 0.0005401 0.0005846 0.0005951 0.0006382 0.0004782 0.0004846 0.0003712 
KR817228_14/06/2014 0.0003790 0.0002671 0.0004283 0.0002671 0.0001585 0.0002642 0.0004247 0.0002644 0.0002117 0.0003185 0.0002111 0.0000000 0.0002648 0.0002111 0.0001583 0.0001586 0.0002111 0.0002118 0.0001057 0.0000010 0.0001058 0.0000530 0.0000529 0.0000529 0.0000528 0.0000529 0.0000530 0.0001587 0.0000529 0.0000529 0.0000529 0.0001057 0.0002111 0.0000010 0.0001057 0.0002645 0.0000010 0.0002645 0.0003167 0.0002712 0.0000528 0.0001055 0.0001055 0.0000010 0.0000010 0.0000528 0.0001061 0.0001059 0.0000010 0.0000528 0.0000532 0.0001057 0.0001583 0.0000529 0.0000010 0.0000010 0.0001059 0.0000528 0.0000532 0.0000010 0.0000010 0.0000530 0.0000528 0.0000010 0.0000532 0.0000010 0.0000010 0.0001062 0.0001057 0.0000529 0.0001064 0.0002118 0.0001584 0.0001059 0.0000010 0.0001060 0.0001055 0.0000528 0.0001056 0.0001057 0.0001060 0.0001584 0.0001056 0.0001057 0.0000528 0.0000010 0.0001583 0.0001055 0.0000533 0.0001057 0.0001055 0.0001062 0.0000528 0.0000010 0.0000541 0.0001065 0.0001657 0.0001586 0.0001056 0.0001594 0.0000528 0.0001069 0.0001590 0.0000529 0.0002237 0.0000010 0.0002113 0.0000529 0.0001057 0.0002645 0.0000531 0.0001584 0.0001587 0.0001623 0.0000528 0.0000528 0.0000529 0.0001057 0.0000528 0.0002644 0.0003181 0.0001057 0.0000529 0.0001592 0.0001585 0.0002643 0.0003174 0.0001590 0.0002643 0.0000541 0.0003179 0.0001062 0.0001585 0.0001057 0.0001585 0.0002112 0.0002111 0.0001584 0.0001604 0.0002696 0.0003717 0.0002111 0.0002115 0.0001593 0.0001585 0.0003167 0.0001612 0.0001646 0.0002808 0.0002639 0.0002198 0.0002115 0.0001103 0.0002171 0.0001083 0.0002644 0.0003190 0.0001595 0.0001592 0.0002654 0.0003271 0.0003721 0.0002643 0.0002120 0.0001057 0.0002723 0.0002131 0.0004257 0.0002127 0.0001587 0.0001588 0.0001585 0.0002120 0.0001594 0.0003726 0.0001600 0.0001583 0.0001584 0.0002116 0.0003716 0.0003708 0.0004249 0.0002130 0.0003720 0.0002116 0.0002647 0.0003187 0.0003233 0.0003712 0.0003779 0.0004245 0.0002645 0.0002686 0.0001583 
KR817229_15/06/2014 0.0005969 0.0004829 0.0006439 0.0004834 0.0004254 0.0005321 0.0006397 0.0004790 0.0004257 0.0005867 0.0000529 0.0002648 0.0000000 0.0000529 0.0004258 0.0004254 0.0004789 0.0000010 0.0003720 0.0002131 0.0003180 0.0002651 0.0002650 0.0002650 0.0003177 0.0002649 0.0002649 0.0003727 0.0003177 0.0002650 0.0002649 0.0003724 0.0000529 0.0002648 0.0003720 0.0000530 0.0002648 0.0001059 0.0001589 0.0000542 0.0003177 0.0003719 0.0003719 0.0002648 0.0002120 0.0003177 0.0003184 0.0003720 0.0002648 0.0003177 0.0002660 0.0003720 0.0004258 0.0002652 0.0002648 0.0002120 0.0003724 0.0003177 0.0002658 0.0002648 0.0002120 0.0002651 0.0003177 0.0002648 0.0002658 0.0002119 0.0002120 0.0003187 0.0003179 0.0003177 0.0003192 0.0004255 0.0004258 0.0003721 0.0002648 0.0003182 0.0003720 0.0003177 0.0003719 0.0003720 0.0003180 0.0004253 0.0003724 0.0003719 0.0003177 0.0002120 0.0004253 0.0003719 0.0002667 0.0003179 0.0003720 0.0003186 0.0003178 0.0002120 0.0002713 0.0003213 0.0003890 0.0003722 0.0003719 0.0003732 0.0003178 0.0003214 0.0003731 0.0002649 0.0004492 0.0002186 0.0004787 0.0002651 0.0002648 0.0004793 0.0003195 0.0004253 0.0003724 0.0003802 0.0003177 0.0003178 0.0002650 0.0003179 0.0003177 0.0004792 0.0005863 0.0003720 0.0003178 0.0003738 0.0004254 0.0004789 0.0005328 0.0003733 0.0004790 0.0002708 0.0005336 0.0003187 0.0004254 0.0003720 0.0004253 0.0004788 0.0004789 0.0004253 0.0003762 0.0004879 0.0005866 0.0004788 0.0004257 0.0003739 0.0004253 0.0005857 0.0003789 0.0004423 0.0005067 0.0005321 0.0003319 0.0004255 0.0003327 0.0004929 0.0003251 0.0004790 0.0005345 0.0003736 0.0003737 0.0004797 0.0005476 0.0005863 0.0004789 0.0004266 0.0003721 0.0004930 0.0004279 0.0006400 0.0004280 0.0003724 0.0003726 0.0004254 0.0004816 0.0003736 0.0005877 0.0003756 0.0004254 0.0004254 0.0004257 0.0005865 0.0006393 0.0006400 0.0004288 0.0005870 0.0004259 0.0004796 0.0005347 0.0005412 0.0006393 0.0005963 0.0006931 0.0005329 0.0004856 0.0004258 
KR817236_24/06/2014 0.0005969 0.0004829 0.0006439 0.0004834 0.0003713 0.0004776 0.0006384 0.0004780 0.0004252 0.0005320 0.0000010 0.0002111 0.0000529 0.0000000 0.0003712 0.0003713 0.0004240 0.0000010 0.0003171 0.0002131 0.0003173 0.0002650 0.0002644 0.0002644 0.0002639 0.0002643 0.0002648 0.0003720 0.0002644 0.0002644 0.0002643 0.0003184 0.0000010 0.0002111 0.0003173 0.0000529 0.0002111 0.0000529 0.0001055 0.0000542 0.0002640 0.0003166 0.0003166 0.0002112 0.0002119 0.0002638 0.0003184 0.0003177 0.0002113 0.0002639 0.0002660 0.0003171 0.0003711 0.0002646 0.0002111 0.0002115 0.0003190 0.0002642 0.0002658 0.0002117 0.0002115 0.0002650 0.0002640 0.0002114 0.0002658 0.0002114 0.0002119 0.0003187 0.0003172 0.0002644 0.0003192 0.0004254 0.0003713 0.0003179 0.0002114 0.0003182 0.0003177 0.0002639 0.0003167 0.0003180 0.0003179 0.0003709 0.0003181 0.0003172 0.0002640 0.0002119 0.0003707 0.0003166 0.0002667 0.0003172 0.0003177 0.0003186 0.0002642 0.0002116 0.0002717 0.0003208 0.0003882 0.0003714 0.0003169 0.0003732 0.0002641 0.0003217 0.0003725 0.0002644 0.0004492 0.0002181 0.0004243 0.0002646 0.0002114 0.0004783 0.0002656 0.0003710 0.0003716 0.0003802 0.0002642 0.0002642 0.0002646 0.0003172 0.0002642 0.0004782 0.0005313 0.0003171 0.0002643 0.0003730 0.0003712 0.0004780 0.0005317 0.0003726 0.0004780 0.0002708 0.0005325 0.0003187 0.0003713 0.0003171 0.0003711 0.0004243 0.0004241 0.0003709 0.0003761 0.0004879 0.0005854 0.0004240 0.0004248 0.0003732 0.0003712 0.0005307 0.0003783 0.0003862 0.0005067 0.0004772 0.0003312 0.0004247 0.0003327 0.0004367 0.0003251 0.0004781 0.0005344 0.0003734 0.0003729 0.0004797 0.0005465 0.0005860 0.0004779 0.0004257 0.0003172 0.0004929 0.0004278 0.0006400 0.0004272 0.0003716 0.0003719 0.0003713 0.0004265 0.0003734 0.0005868 0.0003748 0.0003709 0.0003711 0.0004248 0.0005853 0.0005841 0.0006387 0.0004279 0.0005859 0.0004250 0.0004786 0.0005340 0.0005401 0.0005846 0.0005951 0.0006382 0.0004782 0.0004846 0.0003712 
KR817238_26/06/2014 0.0005429 0.0004295 0.0005905 0.0004299 0.0003184 0.0004247 0.0005855 0.0004251 0.0003722 0.0004790 0.0003712 0.0001583 0.0004258 0.0003712 0.0000000 0.0003184 0.0003712 0.0003724 0.0002642 0.0001599 0.0002644 0.0002120 0.0002115 0.0002115 0.0002111 0.0002114 0.0002118 0.0003190 0.0002115 0.0002115 0.0002114 0.0002655 0.0003713 0.0001583 0.0002644 0.0004254 0.0001583 0.0004254 0.0004777 0.0004362 0.0002112 0.0002639 0.0002639 0.0001584 0.0001589 0.0002111 0.0002653 0.0002647 0.0001584 0.0002111 0.0002128 0.0002643 0.0003183 0.0002117 0.0001584 0.0001587 0.0000529 0.0002113 0.0002127 0.0001588 0.0001587 0.0002120 0.0002112 0.0001585 0.0002127 0.0001586 0.0001589 0.0002656 0.0002643 0.0002115 0.0002660 0.0003724 0.0003184 0.0002649 0.0001585 0.0002651 0.0002649 0.0002111 0.0002639 0.0002642 0.0002649 0.0003181 0.0000528 0.0002643 0.0002112 0.0001589 0.0003179 0.0002639 0.0002134 0.0002643 0.0002639 0.0002655 0.0002114 0.0001587 0.0002165 0.0002674 0.0003329 0.0003185 0.0002641 0.0003201 0.0002112 0.0002672 0.0003194 0.0002115 0.0003933 0.0001635 0.0003714 0.0002116 0.0002642 0.0004253 0.0002125 0.0003181 0.0003187 0.0003260 0.0002113 0.0002114 0.0002117 0.0002643 0.0002113 0.0004252 0.0004784 0.0002642 0.0002114 0.0003199 0.0003183 0.0004250 0.0004788 0.0003195 0.0004251 0.0002166 0.0004795 0.0002656 0.0003184 0.0002643 0.0003182 0.0003714 0.0003713 0.0003180 0.0003225 0.0004339 0.0005325 0.0003712 0.0003719 0.0003200 0.0003183 0.0004778 0.0003244 0.0003311 0.0004506 0.0004244 0.0003871 0.0003718 0.0002774 0.0003823 0.0002709 0.0004251 0.0004812 0.0003202 0.0003198 0.0004266 0.0004920 0.0005330 0.0004250 0.0003727 0.0002643 0.0004384 0.0003745 0.0005869 0.0003739 0.0003187 0.0003189 0.0003184 0.0003734 0.0003202 0.0005337 0.0003214 0.0003180 0.0003183 0.0003719 0.0005323 0.0005312 0.0005857 0.0003746 0.0005329 0.0003720 0.0004256 0.0004808 0.0004863 0.0005316 0.0005412 0.0005853 0.0004253 0.0004309 0.0003183 
KR817244_12/07/2014 0.0003240 0.0003206 0.0003746 0.0003217 0.0002114 0.0002114 0.0004780 0.0002115 0.0002647 0.0002643 0.0003713 0.0001586 0.0004254 0.0003713 0.0003184 0.0000000 0.0002643 0.0003720 0.0002643 0.0001599 0.0001587 0.0001060 0.0001058 0.0001058 0.0001057 0.0001057 0.0001059 0.0002115 0.0002118 0.0002115 0.0001057 0.0002643 0.0003713 0.0001586 0.0002644 0.0004249 0.0001586 0.0004249 0.0004779 0.0004357 0.0001057 0.0001586 0.0001586 0.0001586 0.0001589 0.0001057 0.0001592 0.0000529 0.0001586 0.0001057 0.0001064 0.0002643 0.0002114 0.0001058 0.0001586 0.0001587 0.0002648 0.0002114 0.0001063 0.0001588 0.0001587 0.0001060 0.0002114 0.0001586 0.0001063 0.0001586 0.0001589 0.0001593 0.0002643 0.0001059 0.0001596 0.0002648 0.0002114 0.0001589 0.0001586 0.0001591 0.0001586 0.0002114 0.0000529 0.0001586 0.0001589 0.0000010 0.0002643 0.0000529 0.0001057 0.0001589 0.0002114 0.0000529 0.0001067 0.0000529 0.0001586 0.0000531 0.0001057 0.0001587 0.0001083 0.0000533 0.0001657 0.0001057 0.0000529 0.0001063 0.0001057 0.0001603 0.0002121 0.0001057 0.0002797 0.0001635 0.0001586 0.0001058 0.0001586 0.0003174 0.0000531 0.0002114 0.0003174 0.0002164 0.0001057 0.0001057 0.0001058 0.0001586 0.0001057 0.0002115 0.0002643 0.0000529 0.0001057 0.0002123 0.0002114 0.0002114 0.0003715 0.0002121 0.0002114 0.0001083 0.0002649 0.0001593 0.0002114 0.0000529 0.0002114 0.0002643 0.0002643 0.0002114 0.0002138 0.0003247 0.0004250 0.0002643 0.0002644 0.0002125 0.0001057 0.0002643 0.0001075 0.0002196 0.0004501 0.0004244 0.0002198 0.0001586 0.0000552 0.0001630 0.0001625 0.0002115 0.0002658 0.0002126 0.0002123 0.0002123 0.0002715 0.0003179 0.0002114 0.0001590 0.0001586 0.0002178 0.0002663 0.0003723 0.0001595 0.0002116 0.0002117 0.0002114 0.0002665 0.0002126 0.0003183 0.0001067 0.0002114 0.0002114 0.0001587 0.0003175 0.0003172 0.0003715 0.0001597 0.0004254 0.0002645 0.0002117 0.0002656 0.0002684 0.0003172 0.0003237 0.0003713 0.0003176 0.0002140 0.0001057 
KP184503_25/08/2014 0.0004879 0.0003752 0.0005361 0.0003756 0.0000528 0.0003711 0.0004246 0.0003715 0.0003176 0.0004252 0.0004241 0.0002111 0.0004789 0.0004240 0.0003712 0.0002643 0.0000000 0.0004255 0.0003171 0.0002131 0.0002116 0.0001590 0.0001587 0.0001587 0.0001583 0.0001586 0.0001589 0.0002645 0.0002644 0.0002645 0.0001586 0.0003185 0.0004242 0.0002111 0.0003173 0.0004785 0.0002111 0.0004784 0.0005306 0.0004906 0.0001584 0.0002111 0.0002111 0.0002112 0.0002119 0.0001583 0.0002122 0.0002118 0.0002113 0.0001583 0.0001596 0.0003171 0.0002649 0.0001588 0.0002112 0.0002116 0.0003190 0.0002642 0.0001595 0.0002117 0.0002116 0.0001590 0.0002640 0.0002114 0.0001595 0.0002115 0.0002119 0.0002125 0.0003182 0.0001586 0.0002128 0.0003178 0.0002650 0.0002119 0.0002114 0.0002121 0.0002111 0.0002639 0.0002111 0.0002113 0.0002120 0.0002640 0.0003181 0.0002115 0.0001584 0.0002120 0.0002639 0.0002111 0.0001600 0.0002115 0.0001055 0.0002124 0.0001585 0.0002116 0.0001624 0.0002131 0.0002762 0.0002644 0.0002113 0.0002657 0.0001584 0.0002138 0.0002651 0.0001586 0.0003356 0.0002181 0.0003170 0.0001587 0.0002114 0.0003717 0.0001594 0.0002641 0.0003717 0.0002705 0.0001585 0.0001585 0.0001587 0.0002115 0.0001585 0.0003716 0.0004247 0.0002114 0.0001586 0.0000531 0.0001585 0.0003714 0.0003174 0.0001591 0.0003714 0.0001625 0.0004256 0.0002125 0.0001585 0.0002114 0.0002641 0.0001056 0.0001055 0.0002640 0.0001604 0.0002696 0.0003717 0.0003177 0.0003173 0.0001594 0.0002642 0.0004241 0.0002699 0.0002756 0.0005068 0.0004773 0.0003313 0.0003173 0.0002207 0.0003272 0.0001625 0.0003715 0.0004271 0.0001595 0.0001592 0.0003727 0.0004368 0.0004790 0.0003713 0.0003190 0.0002114 0.0001634 0.0001065 0.0005328 0.0003191 0.0000529 0.0000529 0.0000528 0.0001060 0.0000531 0.0004796 0.0002667 0.0000528 0.0000528 0.0003174 0.0004784 0.0004774 0.0005317 0.0003206 0.0004790 0.0003175 0.0003719 0.0004268 0.0004316 0.0004778 0.0004864 0.0005314 0.0003716 0.0003765 0.0002649 
KM034550_25/05/2014 0.0005976 0.0004835 0.0006447 0.0004840 0.0003721 0.0004787 0.0006396 0.0004788 0.0004257 0.0005331 0.0000010 0.0002118 0.0000010 0.0000010 0.0003724 0.0003720 0.0004255 0.0000000 0.0003177 0.0002134 0.0003177 0.0002653 0.0002648 0.0002648 0.0002648 0.0002648 0.0002652 0.0003724 0.0002652 0.0002648 0.0002648 0.0003191 0.0000010 0.0002118 0.0003179 0.0000530 0.0002118 0.0000530 0.0001059 0.0000542 0.0002648 0.0003177 0.0003177 0.0002118 0.0002122 0.0002648 0.0003187 0.0003183 0.0002118 0.0002648 0.0002663 0.0003177 0.0003724 0.0002649 0.0002118 0.0002118 0.0003196 0.0002648 0.0002662 0.0002122 0.0002118 0.0002653 0.0002648 0.0002118 0.0002661 0.0002118 0.0002122 0.0003191 0.0003187 0.0002653 0.0003196 0.0004261 0.0003724 0.0003185 0.0002118 0.0003195 0.0003188 0.0002648 0.0003177 0.0003188 0.0003193 0.0003720 0.0003191 0.0003183 0.0002648 0.0002122 0.0003720 0.0003177 0.0002670 0.0003177 0.0003188 0.0003190 0.0002648 0.0002118 0.0002720 0.0003212 0.0003887 0.0003720 0.0003177 0.0003737 0.0002648 0.0003221 0.0003729 0.0002648 0.0004498 0.0002183 0.0004253 0.0002650 0.0002118 0.0004789 0.0002662 0.0003720 0.0003721 0.0003806 0.0002648 0.0002648 0.0002649 0.0003187 0.0002648 0.0004788 0.0005329 0.0003177 0.0002648 0.0003735 0.0003721 0.0004788 0.0005324 0.0003730 0.0004788 0.0002711 0.0005332 0.0003191 0.0003721 0.0003177 0.0003720 0.0004255 0.0004256 0.0003720 0.0003766 0.0004885 0.0005862 0.0004255 0.0004254 0.0003736 0.0003720 0.0005323 0.0003788 0.0003872 0.0005075 0.0004787 0.0003317 0.0003720 0.0003331 0.0004380 0.0003265 0.0004788 0.0005351 0.0003739 0.0003734 0.0004803 0.0005475 0.0005867 0.0004787 0.0004263 0.0003187 0.0004936 0.0004283 0.0006408 0.0004278 0.0003721 0.0003723 0.0003721 0.0004279 0.0003738 0.0005875 0.0003753 0.0003721 0.0003721 0.0004254 0.0005860 0.0005859 0.0006395 0.0004287 0.0005867 0.0004255 0.0004792 0.0005347 0.0005407 0.0005858 0.0005959 0.0006394 0.0004795 0.0004852 0.0003725 
KM034551_26/05/2014 0.0004878 0.0003752 0.0005359 0.0003756 0.0002642 0.0003711 0.0005314 0.0003714 0.0003176 0.0004251 0.0003171 0.0001057 0.0003720 0.0003171 0.0002642 0.0002643 0.0003171 0.0003177 0.0000000 0.0001066 0.0002115 0.0001590 0.0001587 0.0001587 0.0001585 0.0001586 0.0001589 0.0002644 0.0001588 0.0001587 0.0001586 0.0002114 0.0003171 0.0001057 0.0000010 0.0003716 0.0001057 0.0003716 0.0004245 0.0003254 0.0001585 0.0002114 0.0002114 0.0001057 0.0001060 0.0001585 0.0002122 0.0002118 0.0001057 0.0001585 0.0001596 0.0002114 0.0002642 0.0001587 0.0001057 0.0001058 0.0002118 0.0001585 0.0001595 0.0001059 0.0001058 0.0001590 0.0001585 0.0001057 0.0001595 0.0001057 0.0001059 0.0002125 0.0002114 0.0001588 0.0002128 0.0003178 0.0002642 0.0002119 0.0001057 0.0002121 0.0002114 0.0001585 0.0002114 0.0002114 0.0002119 0.0002642 0.0002114 0.0002118 0.0001585 0.0001060 0.0002642 0.0002114 0.0001600 0.0002114 0.0002114 0.0002124 0.0001585 0.0001058 0.0001624 0.0002131 0.0002762 0.0002644 0.0002114 0.0002657 0.0001585 0.0002138 0.0002651 0.0001586 0.0003356 0.0000545 0.0003171 0.0001587 0.0002114 0.0003716 0.0001594 0.0002642 0.0002645 0.0002164 0.0001585 0.0001585 0.0001587 0.0002115 0.0001585 0.0003715 0.0004249 0.0002114 0.0001586 0.0002654 0.0002642 0.0003713 0.0004249 0.0002651 0.0003713 0.0001625 0.0004255 0.0002124 0.0002642 0.0002114 0.0002642 0.0003171 0.0003181 0.0002642 0.0002683 0.0003790 0.0004784 0.0003171 0.0003173 0.0002656 0.0002642 0.0004245 0.0002699 0.0002756 0.0003936 0.0003711 0.0003312 0.0003173 0.0002207 0.0003274 0.0001625 0.0003714 0.0004270 0.0002658 0.0002654 0.0003727 0.0004366 0.0004789 0.0003712 0.0003179 0.0002114 0.0003280 0.0002663 0.0005327 0.0003191 0.0002645 0.0002646 0.0002642 0.0003199 0.0002657 0.0004795 0.0002134 0.0002642 0.0002642 0.0003174 0.0004783 0.0004778 0.0005316 0.0003206 0.0004788 0.0003175 0.0003718 0.0004267 0.0004315 0.0004777 0.0004320 0.0005312 0.0003717 0.0003764 0.0002642 
KM034552_26/05/2014 0.0003784 0.0002679 0.0004300 0.0002672 0.0001599 0.0002664 0.0004280 0.0002664 0.0002131 0.0003210 0.0002131 0.0000010 0.0002131 0.0002131 0.0001599 0.0001599 0.0002131 0.0002134 0.0001066 0.0000000 0.0001066 0.0000533 0.0000533 0.0000533 0.0000533 0.0000533 0.0000533 0.0001599 0.0000533 0.0000533 0.0000533 0.0001066 0.0002131 0.0000010 0.0001066 0.0002664 0.0000010 0.0002664 0.0003197 0.0002712 0.0000533 0.0001066 0.0001066 0.0000010 0.0000010 0.0000533 0.0001066 0.0001066 0.0000010 0.0000533 0.0000534 0.0001066 0.0001599 0.0000533 0.0000010 0.0000010 0.0001066 0.0000533 0.0000534 0.0000010 0.0000010 0.0000533 0.0000533 0.0000010 0.0000533 0.0000010 0.0000010 0.0001066 0.0001066 0.0000533 0.0001066 0.0002131 0.0001599 0.0001066 0.0000010 0.0001066 0.0001066 0.0000533 0.0001066 0.0001066 0.0001066 0.0001599 0.0001066 0.0001066 0.0000533 0.0000010 0.0001599 0.0001066 0.0000534 0.0001066 0.0001066 0.0001066 0.0000533 0.0000010 0.0000545 0.0001073 0.0001663 0.0001599 0.0001066 0.0001066 0.0000533 0.0001073 0.0001599 0.0000533 0.0002237 0.0000010 0.0002131 0.0000533 0.0001066 0.0002664 0.0000536 0.0001599 0.0001599 0.0001624 0.0000533 0.0000533 0.0000533 0.0001066 0.0000533 0.0002664 0.0003209 0.0001066 0.0000533 0.0001604 0.0001599 0.0002664 0.0003197 0.0001600 0.0002664 0.0000542 0.0003197 0.0001066 0.0001599 0.0001066 0.0001599 0.0002131 0.0002131 0.0001599 0.0001608 0.0002707 0.0003743 0.0002131 0.0002131 0.0001600 0.0001599 0.0003197 0.0001081 0.0001660 0.0002824 0.0002664 0.0002214 0.0001599 0.0001109 0.0002191 0.0001086 0.0002664 0.0003205 0.0001599 0.0001602 0.0002664 0.0003298 0.0003741 0.0002664 0.0002135 0.0001066 0.0002738 0.0002134 0.0004278 0.0002144 0.0001599 0.0001600 0.0001599 0.0002140 0.0001599 0.0003742 0.0001611 0.0001599 0.0001599 0.0002131 0.0003742 0.0003742 0.0004278 0.0002147 0.0003742 0.0002131 0.0002665 0.0003206 0.0003255 0.0003741 0.0003806 0.0004279 0.0002668 0.0002703 0.0001599 
